ID,Severity,Start_Time,End_Time,Start_Lat,Start_Lng,Distance(mi),City,County,State,Zipcode,Timezone,Airport_Code,Weather_Timestamp,Temperature(F),Wind_Chill(F),Humidity(%),Pressure(in),Visibility(mi),Wind_Direction,Wind_Speed(mph),Precipitation(in),Weather_Condition,Amenity,Bump,Crossing,Give_Way,Junction,No_Exit,Railway,Roundabout,Station,Stop,Traffic_Calming,Traffic_Signal,Turning_Loop,Sunrise_Sunset,DF_Matching
A-33285,2,2016-12-06 10:01:53,2016-12-06 16:01:53,34.16572,-84.757826,0.074,Cartersville,Bartow,GA,30121,US/Eastern,KVPC,2016-12-06 09:53:00,52.0,,93.0,29.73,8.0,Variable,4.6,,Overcast,False,False,False,False,False,False,False,False,False,False,False,False,False,Day,34.1_-84.7
A-37775,2,2016-12-19 09:59:05,2016-12-19 15:59:05,34.111568,-84.731661,1.4340000000000002,Cartersville,Bartow,GA,30121,US/Eastern,KVPC,2016-12-19 09:53:00,32.0,26.4,82.0,30.57,10.0,Variable,5.8,,Overcast,False,False,False,False,False,False,False,False,False,False,False,False,False,Day,34.1_-84.7
A-41052,3,2017-01-02 13:49:05,2017-01-02 20:49:05,34.1786,-84.76066999999998,3.199,Cartersville,Bartow,GA,30121,US/Eastern,KVPC,2017-01-02 13:53:00,55.0,,96.0,30.11,3.0,East,4.6,0.08,Heavy Rain,False,False,False,False,True,False,False,False,False,False,False,False,False,Day,34.1_-84.7
A-44729,3,2017-01-16 06:45:22,2017-01-16 12:45:22,34.10568,-84.747843,0.421,Cartersville,Bartow,GA,30120,US/Eastern,KVPC,2017-01-16 06:53:00,51.1,,89.0,30.26,10.0,East,3.5,,Overcast,False,False,False,False,False,False,False,False,False,False,False,False,False,Night,34.1_-84.7
A-44814,4,2017-01-16 10:44:53,2017-01-16 16:44:53,34.161953000000004,-84.788969,0.366,Cartersville,Bartow,GA,30120,US/Eastern,KVPC,2017-01-16 10:53:00,57.9,,78.0,30.31,10.0,Calm,,,Overcast,False,False,False,False,False,False,False,False,False,False,False,True,False,Day,34.1_-84.7
A-44815,4,2017-01-16 10:44:53,2017-01-16 16:44:53,34.157579,-84.785843,0.336,Cartersville,Bartow,GA,30120,US/Eastern,KVPC,2017-01-16 10:53:00,57.9,,78.0,30.31,10.0,Calm,,,Overcast,False,False,False,False,False,False,False,False,False,False,False,False,False,Day,34.1_-84.7
A-45888,2,2017-01-20 01:11:44,2017-01-20 07:11:44,34.162823,-84.75605,1.112,Cartersville,Bartow,GA,30121,US/Eastern,KVPC,2017-01-20 01:11:00,55.9,,97.0,29.81,10.0,Calm,,0.0,Overcast,False,False,False,False,False,False,False,False,False,False,False,False,False,Night,34.1_-84.7
A-47458,3,2017-01-25 22:25:25,2017-01-26 04:25:25,34.113649,-84.734373,3.799,Cartersville,Bartow,GA,30121,US/Eastern,KVPC,2017-01-25 22:53:00,61.0,,78.0,29.74,10.0,Calm,,0.0,Light Rain,False,False,False,False,False,False,False,False,False,False,False,False,False,Night,34.1_-84.7
A-59047,2,2016-11-30 14:31:45,2016-11-30 20:31:45,34.1139,-84.73423000000003,0.758,Cartersville,Bartow,GA,30121,US/Eastern,KVPC,2016-11-30 14:10:00,63.0,,97.0,29.71,4.0,Calm,,0.06,Rain,False,False,False,False,False,False,False,False,False,False,False,False,False,Day,34.1_-84.7
A-60754,2,2016-09-22 21:34:54,2016-09-23 03:34:54,34.1237,-84.74075,0.726,Cartersville,Bartow,GA,30121,US/Eastern,KVPC,2016-09-22 21:53:00,69.1,,84.0,30.0,10.0,Calm,,,Clear,False,False,False,False,True,False,False,False,False,False,False,False,False,Night,34.1_-84.7
A-70219,2,2016-08-09 06:57:04,2016-08-09 12:57:04,34.1237,-84.74075,0.726,Cartersville,Bartow,GA,30121,US/Eastern,KVPC,2016-08-09 06:53:00,75.0,,96.0,29.94,3.0,ENE,3.5,0.0,Light Rain,False,False,False,False,True,False,False,False,False,False,False,False,False,Day,34.1_-84.7
A-72908,4,2016-08-17 21:30:25,2016-08-18 03:30:25,34.146421000000004,-84.74243,0.72,Cartersville,Bartow,GA,30121,US/Eastern,KVPC,2016-08-17 21:53:00,80.1,,74.0,30.1,10.0,Calm,,,Clear,False,False,False,False,True,False,False,False,False,False,False,False,False,Night,34.1_-84.7
A-72909,4,2016-08-17 21:30:26,2016-08-18 03:30:26,34.13692,-84.73693,0.732,Cartersville,Bartow,GA,30121,US/Eastern,KVPC,2016-08-17 21:53:00,80.1,,74.0,30.1,10.0,Calm,,,Clear,False,False,False,False,True,False,False,False,False,False,False,False,False,Night,34.1_-84.7
A-72917,2,2016-08-18 00:34:47,2016-08-18 06:34:47,34.17011,-84.7583,0.593,Cartersville,Bartow,GA,30121,US/Eastern,KVPC,2016-08-18 00:53:00,75.0,,87.0,30.13,10.0,Calm,,,Clear,False,False,False,False,True,False,False,False,False,False,False,False,False,Night,34.1_-84.7
A-73796,4,2016-08-21 19:43:46,2016-08-22 01:43:46,34.17245,-84.75868,0.335,Cartersville,Bartow,GA,30121,US/Eastern,KVPC,2016-08-21 19:53:00,79.0,,88.0,29.96,4.0,Calm,,0.02,Rain,False,False,False,False,False,False,False,False,False,False,False,False,False,Day,34.1_-84.7
A-84069,2,2016-07-06 11:56:06,2016-07-06 17:56:06,34.1139,-84.73423000000003,0.758,Cartersville,Bartow,GA,30121,US/Eastern,KVPC,2016-07-06 11:58:00,71.1,,96.0,30.14,0.5,Variable,3.5,0.04,Heavy Thunderstorms and Rain,False,False,False,False,False,False,False,False,False,False,False,False,False,Day,34.1_-84.7
A-84070,3,2016-07-06 11:56:06,2016-07-06 17:56:06,34.14652,-84.74252,0.752,Cartersville,Bartow,GA,30121,US/Eastern,KVPC,2016-07-06 11:58:00,71.1,,96.0,30.14,0.5,Variable,3.5,0.04,Heavy Thunderstorms and Rain,False,False,False,False,True,False,False,False,False,False,False,False,False,Day,34.1_-84.7
A-85261,3,2016-07-11 13:56:45,2016-07-11 19:56:45,34.14114,-84.7489,0.016,Emerson,Bartow,GA,30137,US/Eastern,KVPC,2016-07-11 13:53:00,84.9,,63.0,30.07,10.0,Variable,3.5,,Clear,False,False,False,False,False,False,False,False,False,False,False,False,False,Day,34.1_-84.7
A-85288,3,2016-07-11 15:12:25,2016-07-11 21:12:25,34.14202,-84.74849,0.083,Emerson,Bartow,GA,30137,US/Eastern,KVPC,2016-07-11 14:53:00,86.0,,61.0,30.05,10.0,Variable,5.8,,Mostly Cloudy,False,False,False,False,False,False,False,False,False,False,False,False,False,Day,34.1_-84.7
A-137265,4,2017-01-28 00:20:45,2017-01-28 06:20:45,34.1139,-84.73423000000003,2.3040000000000003,Cartersville,Bartow,GA,30121,US/Eastern,KVPC,2017-01-28 00:53:00,27.0,,85.0,30.08,10.0,Calm,,,Clear,False,False,False,False,False,False,False,False,False,False,False,False,False,Night,34.1_-84.7
A-140002,2,2017-02-07 18:20:58,2017-02-08 00:20:58,34.17011,-84.7583,0.593,Cartersville,Bartow,GA,30121,US/Eastern,KVPC,2017-02-07 17:53:00,57.0,,96.0,29.79,8.0,ESE,3.5,0.02,Overcast,False,False,False,False,True,False,False,False,False,False,False,False,False,Night,34.1_-84.7
A-150000,4,2017-02-17 12:15:48,2017-02-17 18:15:48,34.116525,-84.748632,0.305,Cartersville,Bartow,GA,30121,US/Eastern,KVPC,2017-02-17 11:53:00,59.0,,36.0,30.06,10.0,Variable,3.5,,Clear,False,False,False,False,False,False,False,False,False,False,False,False,False,Day,34.1_-84.7
A-151261,2,2017-02-22 16:37:15,2017-02-22 22:37:15,34.1237,-84.74075,0.726,Cartersville,Bartow,GA,30121,US/Eastern,KVPC,2017-02-22 16:53:00,64.0,,75.0,29.84,10.0,East,4.6,,Overcast,False,False,False,False,True,False,False,False,False,False,False,False,False,Day,34.1_-84.7
A-154710,2,2017-03-07 04:30:49,2017-03-07 10:30:49,34.1786,-84.76066999999998,0.609,Cartersville,Bartow,GA,30121,US/Eastern,KVPC,2017-03-07 04:53:00,55.9,,77.0,30.23,10.0,SSE,10.4,,Clear,False,False,False,False,True,False,False,False,False,False,False,False,False,Night,34.1_-84.7
A-154711,4,2017-03-07 04:42:34,2017-03-07 10:42:34,34.1786,-84.76066999999998,1.242,Cartersville,Bartow,GA,30121,US/Eastern,KVPC,2017-03-07 04:53:00,55.9,,77.0,30.23,10.0,SSE,10.4,,Clear,False,False,False,False,True,False,False,False,False,False,False,False,False,Night,34.1_-84.7
A-162551,3,2017-04-03 12:07:36,2017-04-03 18:07:36,34.1237,-84.74075,0.726,Cartersville,Bartow,GA,30121,US/Eastern,KVPC,2017-04-03 12:00:00,59.0,,93.0,29.92,4.0,Variable,3.5,0.01,Light Rain,False,False,False,False,True,False,False,False,False,False,False,False,False,Day,34.1_-84.7
A-173666,3,2017-04-06 05:49:10,2017-04-06 11:49:10,34.10568,-84.747843,0.8190000000000001,Cartersville,Bartow,GA,30120,US/Eastern,KVPC,2017-04-06 05:53:00,48.9,,61.0,29.73,10.0,North,,,Partly Cloudy,False,False,False,False,False,False,False,False,False,False,False,False,False,Night,34.1_-84.7
A-176643,3,2017-04-18 16:48:37,2017-04-18 22:48:37,34.17011,-84.7583,0.593,Cartersville,Bartow,GA,30121,US/Eastern,KVPC,2017-04-18 16:53:00,75.9,,62.0,30.1,10.0,Variable,6.9,0.0,Scattered Clouds,False,False,False,False,True,False,False,False,False,False,False,False,False,Day,34.1_-84.7
A-178426,4,2017-04-25 17:05:51,2017-04-25 23:05:51,34.193705,-84.789299,0.309,Cartersville,Bartow,GA,30120-2462,US/Eastern,KVPC,2017-04-25 16:53:00,73.9,,57.0,29.72,10.0,Calm,,0.0,Light Rain,False,False,False,False,False,False,False,False,False,False,False,False,False,Day,34.1_-84.7
A-180823,4,2017-05-04 17:12:37,2017-05-04 23:12:37,34.172338,-84.758663,2.024,Cartersville,Bartow,GA,30121,US/Eastern,KVPC,2017-05-04 17:10:00,64.0,,100.0,29.62,2.5,Variable,3.5,0.02,Rain,False,False,False,False,False,False,False,False,False,False,False,False,False,Day,34.1_-84.7
A-189664,2,2017-05-12 20:17:38,2017-05-13 02:17:38,34.14652,-84.74252,0.752,Cartersville,Bartow,GA,30121,US/Eastern,KVPC,2017-05-12 19:53:00,66.9,,100.0,29.76,7.0,Calm,,,Mostly Cloudy,False,False,False,False,True,False,False,False,False,False,False,False,False,Day,34.1_-84.7
A-191129,4,2017-05-18 20:56:20,2017-05-19 02:56:20,34.17921,-84.76059000000002,4.622,Cartersville,Bartow,GA,30121,US/Eastern,KVPC,2017-05-18 20:53:00,75.0,,87.0,30.02,10.0,Calm,,,Clear,False,False,False,False,False,False,False,False,False,False,False,False,False,Night,34.1_-84.7
A-191373,3,2017-05-19 15:22:32,2017-05-19 21:22:32,34.1237,-84.74075,0.726,Cartersville,Bartow,GA,30121,US/Eastern,KVPC,2017-05-19 14:53:00,88.0,,53.0,30.03,10.0,Variable,3.5,,Scattered Clouds,False,False,False,False,True,False,False,False,False,False,False,False,False,Day,34.1_-84.7
A-193980,2,2017-05-30 13:30:19,2017-05-30 19:30:19,34.13692,-84.73693,0.732,Cartersville,Bartow,GA,30121,US/Eastern,KVPC,2017-05-30 13:23:00,66.0,,100.0,30.17,6.0,ENE,4.6,0.07,Light Rain,False,False,False,False,True,False,False,False,False,False,False,False,False,Day,34.1_-84.7
A-194048,2,2017-05-30 16:01:10,2017-05-30 22:01:10,34.14652,-84.74252,0.752,Cartersville,Bartow,GA,30121,US/Eastern,KVPC,2017-05-30 15:53:00,71.1,,93.0,30.1,10.0,Calm,,,Scattered Clouds,False,False,False,False,True,False,False,False,False,False,False,False,False,Day,34.1_-84.7
A-203906,3,2017-06-12 15:22:03,2017-06-12 21:22:03,34.1237,-84.74075,0.726,Cartersville,Bartow,GA,30121,US/Eastern,KVPC,2017-06-12 14:53:00,88.0,,53.0,30.09,10.0,Variable,4.6,,Mostly Cloudy,False,False,False,False,True,False,False,False,False,False,False,False,False,Day,34.1_-84.7
A-207797,3,2017-06-27 17:10:04,2017-06-27 23:10:04,34.1139,-84.73423000000003,0.758,Cartersville,Bartow,GA,30121,US/Eastern,KVPC,2017-06-27 16:53:00,82.0,,42.0,30.04,10.0,NNE,5.8,,Partly Cloudy,False,False,False,False,False,False,False,False,False,False,False,False,False,Day,34.1_-84.7
A-209627,2,2017-07-05 19:14:32,2017-07-06 01:14:32,34.1237,-84.74075,0.726,Cartersville,Bartow,GA,30121,US/Eastern,KVPC,2017-07-05 19:16:00,75.0,,84.0,30.13,10.0,Calm,,0.0,Light Rain,False,False,False,False,True,False,False,False,False,False,False,False,False,Day,34.1_-84.7
A-221312,3,2017-07-27 16:25:31,2017-07-27 22:25:31,34.14652,-84.74252,0.752,Cartersville,Bartow,GA,30121,US/Eastern,KVPC,2017-07-27 16:30:00,77.0,,94.0,30.0,10.0,Calm,,0.0,Thunderstorm,False,False,False,False,True,False,False,False,False,False,False,False,False,Day,34.1_-84.7
A-221556,2,2017-07-28 12:50:41,2017-07-28 18:50:41,34.1237,-84.74075,0.726,Cartersville,Bartow,GA,30121,US/Eastern,KVPC,2017-07-28 12:53:00,75.0,,100.0,29.91,5.0,Calm,,0.17,Light Rain,False,False,False,False,True,False,False,False,False,False,False,False,False,Day,34.1_-84.7
A-221577,2,2017-07-28 13:37:11,2017-07-28 19:37:11,34.168982,-84.758122,0.3879999999999999,Cartersville,Bartow,GA,30121,US/Eastern,KVPC,2017-07-28 13:53:00,75.0,,96.0,29.89,6.0,Calm,,0.01,Light Rain,False,False,False,False,False,False,False,False,False,False,False,False,False,Day,34.1_-84.7
A-235345,2,2021-11-03 19:58:00.000000000,2021-11-03 21:13:00.000000000,34.146733000000005,-84.74268599999998,0.355,Cartersville,Bartow,GA,30121,US/Eastern,KVPC,2021-11-03 19:55:00,48.0,48.0,93.0,29.44,5.0,CALM,0.0,0.03,Light Rain,False,False,False,False,False,False,False,False,False,False,False,False,False,Night,34.1_-84.7
A-241698,2,2021-11-03 17:11:00.000000000,2021-11-03 20:10:38.000000000,34.102607,-84.726562,1.523,Cartersville,Bartow,GA,30121,US/Eastern,KVPC,2021-11-03 17:15:00,52.0,52.0,76.0,29.4,9.0,VAR,5.0,0.0,Light Rain,False,False,False,False,False,False,False,False,False,False,False,False,False,Day,34.1_-84.7
A-274618,2,2021-11-19 18:57:00,2021-11-19 20:12:00,34.136914000000004,-84.736937,0.789,Cartersville,Bartow,GA,30121,US/Eastern,KVPC,2021-11-19 18:55:00,45.0,45.0,49.0,29.54,10.0,CALM,0.0,0.0,Fair,False,False,False,False,True,False,False,False,False,False,False,False,False,Night,34.1_-84.7
A-300858,2,2021-10-23 14:13:00,2021-10-23 15:33:00,34.170173,-84.758287,0.588,Cartersville,Bartow,GA,30121,US/Eastern,KVPC,2021-10-23 14:15:00,70.0,70.0,43.0,29.26,10.0,CALM,0.0,0.0,Fair,False,False,False,False,True,False,False,False,False,False,False,False,False,Day,34.1_-84.7
A-313411,2,2021-11-03 20:16:00.000000000,2021-11-03 21:31:00.000000000,34.155075,-84.74986899999998,1.062,Cartersville,Bartow,GA,30121,US/Eastern,KVPC,2021-11-03 20:15:00,48.0,46.0,87.0,29.44,8.0,N,6.0,0.0,Light Rain,False,False,False,False,False,False,False,False,False,False,False,False,False,Night,34.1_-84.7
A-340705,2,2021-11-28 04:06:00,2021-11-28 05:37:00,34.114168,-84.735134,3.772,Cartersville,Bartow,GA,30121,US/Eastern,KVPC,2021-11-28 04:15:00,32.0,32.0,100.0,29.23,8.0,CALM,0.0,0.0,Fair,False,False,False,False,False,False,False,False,False,False,False,False,False,Night,34.1_-84.7
A-357978,2,2021-10-20 16:21:00,2021-10-20 17:36:00,34.148473,-84.743794,1.009,Cartersville,Bartow,GA,30121,US/Eastern,KVPC,2021-10-20 16:15:00,79.0,79.0,42.0,29.4,10.0,S,7.0,0.0,Fair,False,False,False,False,False,False,False,False,False,False,False,False,False,Day,34.1_-84.7
A-409020,2,2021-08-10 12:47:19.000000000,2021-08-10 14:16:31.000000000,34.114168,-84.735134,3.76,Cartersville,Bartow,GA,30121,US/Eastern,KVPC,2021-08-10 12:55:00,88.0,88.0,66.0,29.41,10.0,CALM,0.0,0.0,Mostly Cloudy,False,False,False,False,False,False,False,False,False,False,False,False,False,Day,34.1_-84.7
A-420744,2,2021-12-09 17:16:00,2021-12-09 18:31:00,34.122267,-84.750372,0.004,Emerson,Bartow,GA,30137-2204,US/Eastern,KVPC,2021-12-09 17:15:00,54.0,54.0,62.0,29.32,10.0,ESE,5.0,0.0,Fair,False,False,False,True,False,False,False,False,False,True,False,False,False,Day,34.1_-84.7
A-429585,2,2021-07-28 13:18:00.000000000,2021-07-28 16:51:24.000000000,34.114178,-84.735138,4.424,Cartersville,Bartow,GA,30121,US/Eastern,KVPC,2021-07-28 13:15:00,88.0,88.0,62.0,29.24,9.0,VAR,5.0,0.0,Fair,False,False,False,False,False,False,False,False,False,False,False,False,False,Day,34.1_-84.7
A-447455,2,2021-12-02 22:16:00,2021-12-03 00:00:00,34.118588,-84.73923,0.209,Cartersville,Bartow,GA,30121,US/Eastern,KVPC,2021-12-02 22:15:00,48.0,48.0,93.0,29.3,9.0,CALM,0.0,0.0,Fair,False,False,False,False,False,False,False,False,False,False,False,False,False,Night,34.1_-84.7
A-490353,2,2021-11-23 05:45:00,2021-11-23 08:15:00,34.136914000000004,-84.736937,0.789,Cartersville,Bartow,GA,30121,US/Eastern,KVPC,2021-11-23 05:55:00,30.0,30.0,75.0,29.43,10.0,CALM,0.0,0.0,Fair,False,False,False,False,True,False,False,False,False,False,False,False,False,Night,34.1_-84.7
A-514544,2,2021-10-23 14:13:00.000000000,2021-10-23 15:33:00.000000000,34.170173,-84.758287,0.588,Cartersville,Bartow,GA,30121,US/Eastern,KVPC,2021-10-23 14:15:00,70.0,70.0,43.0,29.26,10.0,CALM,0.0,0.0,Fair,False,False,False,False,True,False,False,False,False,False,False,False,False,Day,34.1_-84.7
A-583802,2,2021-12-22 14:35:00,2021-12-22 15:57:00,34.114168,-84.735134,3.772,Cartersville,Bartow,GA,30121,US/Eastern,KVPC,2021-12-22 14:35:00,52.0,52.0,35.0,29.21,10.0,NNW,9.0,0.0,Fair,False,False,False,False,False,False,False,False,False,False,False,False,False,Day,34.1_-84.7
A-619297,2,2021-11-30 12:55:30,2021-11-30 15:14:30,34.114168,-84.735134,3.772,Cartersville,Bartow,GA,30121,US/Eastern,KVPC,2021-11-30 12:55:00,61.0,61.0,36.0,29.35,10.0,W,8.0,0.0,Fair,False,False,False,False,False,False,False,False,False,False,False,False,False,Day,34.1_-84.7
A-685942,2,2021-10-07 08:44:00,2021-10-07 11:11:23,34.169765000000005,-84.758588,1.856,Cartersville,Bartow,GA,30121,US/Eastern,KVPC,2021-10-07 08:35:00,70.0,70.0,100.0,29.33,7.0,CALM,0.0,0.0,Partly Cloudy,False,False,False,False,False,False,False,False,False,False,False,False,False,Day,34.1_-84.7
A-720356,2,2021-08-30 08:10:00,2021-08-30 09:25:00,34.1747,-84.758523,0.025,Cartersville,Bartow,GA,30121,US/Eastern,KVPC,2021-08-30 04:55:00,,,,,,,,0.0,,False,False,False,False,False,False,False,False,False,False,False,False,False,Day,34.1_-84.7
A-797251,2,2021-12-26 19:01:00.000000000,2021-12-26 20:20:00.000000000,34.13745,-84.737259,0.97,Cartersville,Bartow,GA,30121,US/Eastern,KVPC,2021-12-26 18:55:00,63.0,63.0,82.0,29.22,7.0,CALM,0.0,0.0,Partly Cloudy,False,False,False,False,False,False,False,False,False,False,False,False,False,Night,34.1_-84.7
A-817692,2,2021-11-03 17:11:00.000000000,2021-11-03 18:26:00.000000000,34.118588,-84.73923,0.209,Cartersville,Bartow,GA,30121,US/Eastern,KVPC,2021-11-03 17:15:00,52.0,52.0,76.0,29.4,9.0,VAR,5.0,0.0,Light Rain,False,False,False,False,False,False,False,False,False,False,False,False,False,Day,34.1_-84.7
A-861036,2,2021-12-29 10:58:00.000000000,2021-12-29 12:19:00.000000000,34.114168,-84.735134,3.772,Cartersville,Bartow,GA,30121,US/Eastern,KVPC,2021-12-29 10:55:00,68.0,68.0,88.0,29.14,8.0,CALM,0.0,0.0,N/A Precipitation,False,False,False,False,False,False,False,False,False,False,False,False,False,Day,34.1_-84.7
A-898224,2,2021-12-26 18:14:00,2021-12-26 19:32:00,34.114168,-84.735134,3.772,Cartersville,Bartow,GA,30121,US/Eastern,KVPC,2021-12-26 18:15:00,64.0,64.0,83.0,29.22,8.0,CALM,0.0,0.0,Partly Cloudy,False,False,False,False,False,False,False,False,False,False,False,False,False,Night,34.1_-84.7
A-911451,2,2021-07-28 14:43:27.000000000,2021-07-28 15:21:01.000000000,34.114168,-84.735134,3.76,Cartersville,Bartow,GA,30121,US/Eastern,KVPC,2021-07-28 14:35:00,91.0,91.0,55.0,29.22,10.0,NW,6.0,0.0,Fair,False,False,False,False,False,False,False,False,False,False,False,False,False,Day,34.1_-84.7
A-915558,2,2021-10-08 13:22:00,2021-10-08 15:45:00,34.124792,-84.75537800000002,0.275,Emerson,Bartow,GA,30137-2263,US/Eastern,KVPC,2021-10-08 13:15:00,75.0,75.0,69.0,29.28,10.0,CALM,0.0,0.0,Partly Cloudy,False,False,False,False,False,False,False,False,False,True,False,False,False,Day,34.1_-84.7
A-933153,2,2021-10-07 09:53:00,2021-10-07 10:07:00,34.169765000000005,-84.758588,1.856,Cartersville,Bartow,GA,30121,US/Eastern,KVPC,2021-10-07 09:55:00,73.0,73.0,88.0,29.36,10.0,SE,5.0,0.0,Cloudy,False,False,False,False,False,False,False,False,False,False,False,False,False,Day,34.1_-84.7
A-958610,2,2021-10-07 08:44:00.000000000,2021-10-07 10:42:19.000000000,34.174569,-84.75936899999998,2.682,Cartersville,Bartow,GA,30121,US/Eastern,KVPC,2021-10-07 08:35:00,70.0,70.0,100.0,29.33,7.0,CALM,0.0,0.0,Partly Cloudy,False,False,False,False,False,False,False,False,False,False,False,False,False,Day,34.1_-84.7
A-959668,2,2021-07-28 13:51:44.000000000,2021-07-28 14:23:34.000000000,34.114168,-84.735134,3.76,Cartersville,Bartow,GA,30121,US/Eastern,KVPC,2021-07-28 13:55:00,90.0,90.0,59.0,29.22,10.0,VAR,6.0,0.0,Fair,False,False,False,False,False,False,False,False,False,False,False,False,False,Day,34.1_-84.7
A-995170,2,2021-12-22 18:03:00,2021-12-22 19:18:00,34.170173,-84.758287,0.588,Cartersville,Bartow,GA,30121,US/Eastern,KVPC,2021-12-22 17:55:00,46.0,44.0,37.0,29.26,10.0,VAR,5.0,0.0,Fair,False,False,False,False,True,False,False,False,False,False,False,False,False,Night,34.1_-84.7
A-1195943,2,2021-07-28 13:56:54,2021-07-28 14:45:56,34.114168,-84.735134,3.76,Cartersville,Bartow,GA,30121,US/Eastern,KVPC,2021-07-28 13:55:00,90.0,90.0,59.0,29.22,10.0,VAR,6.0,0.0,Fair,False,False,False,False,False,False,False,False,False,False,False,False,False,Day,34.1_-84.7
A-1212231,2,2021-11-30 12:51:00,2021-11-30 14:15:00,34.114168,-84.735134,3.772,Cartersville,Bartow,GA,30121,US/Eastern,KVPC,2021-11-30 12:55:00,61.0,61.0,36.0,29.35,10.0,W,8.0,0.0,Fair,False,False,False,False,False,False,False,False,False,False,False,False,False,Day,34.1_-84.7
A-1281578,2,2021-11-23 05:45:00,2021-11-23 08:15:00,34.142635,-84.738825,1.117,Cartersville,Bartow,GA,30121,US/Eastern,KVPC,2021-11-23 05:55:00,30.0,30.0,75.0,29.43,10.0,CALM,0.0,0.0,Fair,False,False,False,False,False,False,False,False,False,False,False,False,False,Night,34.1_-84.7
A-1288234,2,2021-12-13 15:15:00,2021-12-13 16:30:00,34.169765000000005,-84.758588,1.856,Cartersville,Bartow,GA,30121,US/Eastern,KVPC,2021-12-13 15:15:00,,,,,,,,0.0,,False,False,False,False,False,False,False,False,False,False,False,False,False,Day,34.1_-84.7
A-1323198,4,2021-11-23 05:45:00,2021-11-23 07:30:00,34.136914000000004,-84.736937,0.789,Cartersville,Bartow,GA,30121,US/Eastern,KVPC,2021-11-23 05:55:00,30.0,30.0,75.0,29.43,10.0,CALM,0.0,0.0,Fair,False,False,False,False,True,False,False,False,False,False,False,False,False,Night,34.1_-84.7
A-1334629,4,2021-07-28 13:39:33,2021-07-28 17:40:01,34.123708,-84.740763,4.419,Cartersville,Bartow,GA,30121,US/Eastern,KVPC,2021-07-28 13:35:00,88.0,88.0,62.0,29.23,10.0,NNE,5.0,0.0,Fair,False,False,False,False,True,False,False,False,False,False,False,False,False,Day,34.1_-84.7
A-1426098,2,2021-12-13 15:20:25,2021-12-13 15:49:57,34.169765000000005,-84.758588,1.856,Cartersville,Bartow,GA,30121,US/Eastern,KVPC,2021-12-13 15:15:00,,,,,,,,0.0,,False,False,False,False,False,False,False,False,False,False,False,False,False,Day,34.1_-84.7
A-1494346,2,2021-07-28 13:18:00,2021-07-28 16:00:02,34.114168,-84.735134,3.76,Cartersville,Bartow,GA,30121,US/Eastern,KVPC,2021-07-28 13:15:00,88.0,88.0,62.0,29.24,9.0,VAR,5.0,0.0,Fair,False,False,False,False,False,False,False,False,False,False,False,False,False,Day,34.1_-84.7
A-1617381,2,2021-01-02 13:04:00,2021-01-02 15:15:00,34.136806,-84.736937,0.795,Cartersville,Bartow,GA,30121,US/Eastern,KVPC,2021-01-02 12:53:00,63.0,63.0,60.0,29.23,10.0,WNW,3.0,0.0,Fair,False,False,False,False,True,False,False,False,False,False,False,False,False,Day,34.1_-84.7
A-1737571,2,2020-11-04 19:49:00,2020-11-04 21:45:00,34.170173,-84.758287,0.611,Cartersville,Bartow,GA,30121,US/Eastern,KVPC,2020-11-04 19:53:00,50.0,50.0,83.0,29.59,10.0,CALM,0.0,0.0,Fair,False,False,False,False,True,False,False,False,False,False,False,False,False,Night,34.1_-84.7
A-1768148,2,2020-12-24 03:51:00,2020-12-24 05:06:00,34.118588,-84.73923,0.209,Cartersville,Bartow,GA,30121,US/Eastern,KVPC,2020-12-24 03:53:00,57.0,57.0,55.0,29.04,10.0,SE,10.0,0.0,Cloudy,False,False,False,False,False,False,False,False,False,False,False,False,False,Night,34.1_-84.7
A-1772516,2,2020-11-16 13:35:00,2020-11-16 15:34:30,34.178842,-84.760369,1.654,Cartersville,Bartow,GA,30121,US/Eastern,KVPC,2020-11-16 13:53:00,62.0,62.0,25.0,29.46,10.0,VAR,6.0,0.0,Fair,False,False,False,False,False,False,False,False,False,False,False,False,False,Day,34.1_-84.7
A-1790740,2,2020-11-16 13:44:00,2020-11-16 16:30:00,34.178842,-84.760369,1.654,Cartersville,Bartow,GA,30121,US/Eastern,KVPC,2020-11-16 13:53:00,62.0,62.0,25.0,29.46,10.0,VAR,6.0,0.0,Fair,False,False,False,False,False,False,False,False,False,False,False,False,False,Day,34.1_-84.7
A-1798361,2,2020-11-04 19:39:00,2020-11-04 22:04:00,34.170175,-84.758306,2.23,Cartersville,Bartow,GA,30121,US/Eastern,KVPC,2020-11-04 19:53:00,50.0,50.0,83.0,29.59,10.0,CALM,0.0,0.0,Fair,False,False,False,False,True,False,False,False,False,False,False,False,False,Night,34.1_-84.7
A-1823388,2,2020-11-09 23:43:00,2020-11-10 00:58:00,34.169551,-84.758566,1.83,Cartersville,Bartow,GA,30121,US/Eastern,KVPC,2020-11-09 23:39:00,69.0,69.0,75.0,29.34,10.0,VAR,5.0,0.0,Mostly Cloudy,False,False,False,False,False,False,False,False,False,False,False,False,False,Night,34.1_-84.7
A-1879258,2,2020-10-17 04:24:00,2020-10-17 05:39:00,34.114168,-84.735134,3.76,Cartersville,Bartow,GA,30121,US/Eastern,KVPC,2020-10-17 04:53:00,41.0,41.0,82.0,29.48,10.0,SSE,3.0,0.0,Fair,False,False,False,False,False,False,False,False,False,False,False,False,False,Night,34.1_-84.7
A-1903179,2,2020-09-13 04:36:00,2020-09-13 06:15:00,34.147278,-84.742752,1.815,Cartersville,Bartow,GA,30121,US/Eastern,KVPC,2020-09-13 04:53:00,75.0,75.0,90.0,29.22,10.0,CALM,0.0,0.0,Cloudy,False,False,False,False,False,False,False,False,False,False,False,False,False,Night,34.1_-84.7
A-1954629,2,2020-10-30 01:01:00,2020-10-30 02:45:00,34.178670000000004,-84.760669,0.642,Cartersville,Bartow,GA,30121,US/Eastern,KVPC,2020-10-30 00:53:00,52.0,52.0,71.0,29.12,10.0,CALM,0.0,0.0,Cloudy,False,False,False,False,True,False,False,False,False,False,False,False,False,Night,34.1_-84.7
A-1956334,2,2020-11-29 20:28:38,2020-11-30 00:30:27,34.12494,-84.74059799999998,6.18,Cartersville,Bartow,GA,30121,US/Eastern,KVPC,2020-11-29 20:24:00,56.0,56.0,90.0,29.03,7.0,E,6.0,0.03,Light Rain,False,False,False,False,False,False,False,False,False,False,False,False,False,Night,34.1_-84.7
A-2079818,4,2020-05-29 08:21:10,2020-05-29 09:11:08,34.16458,-84.7888,2.224,Cartersville,Bartow,GA,30121,US/Eastern,KVPC,2020-05-29 07:53:00,69.0,69.0,90.0,29.26,8.0,CALM,0.0,0.0,Fair,False,False,False,False,False,False,False,False,False,False,False,False,False,Day,34.1_-84.7
A-2079820,4,2020-05-29 08:21:10,2020-05-29 09:11:08,34.196659999999994,-84.79046,2.071,Cartersville,Bartow,GA,30120,US/Eastern,KVPC,2020-05-29 07:53:00,69.0,69.0,90.0,29.26,8.0,CALM,0.0,0.0,Fair,False,False,True,False,False,False,False,False,False,False,False,True,False,Day,34.1_-84.7
A-2107922,4,2020-05-10 00:00:34,2020-05-10 02:00:34,34.1139,-84.73423000000003,1.598,Cartersville,Bartow,GA,30121,US/Eastern,KVPC,2020-05-10 00:53:00,39.0,39.0,89.0,29.43,10.0,CALM,0.0,0.0,Fair,False,False,False,False,False,False,False,False,False,False,False,False,False,Night,34.1_-84.7
A-2320956,3,2020-01-30 08:01:04,2020-01-30 08:29:46,34.1139,-84.73423000000003,0.758,Cartersville,Bartow,GA,30121,US/Eastern,KVPC,2020-01-30 07:53:00,31.0,31.0,96.0,29.34,4.0,CALM,0.0,0.0,Partly Cloudy,False,False,False,False,False,False,False,False,False,False,False,False,False,Day,34.1_-84.7
A-2320974,2,2020-01-30 15:52:06,2020-01-30 16:20:00,34.11116,-84.7308,1.021,Cartersville,Bartow,GA,30121,US/Eastern,KVPC,2020-01-30 15:53:00,60.0,60.0,46.0,29.28,10.0,VAR,3.0,0.0,Fair,False,False,False,False,False,False,False,False,False,False,False,False,False,Day,34.1_-84.7
A-2375505,2,2019-12-04 16:55:34,2019-12-04 17:22:53,34.11293,-84.73284,0.085,Cartersville,Bartow,GA,30121,US/Eastern,KVPC,2019-12-04 16:53:00,58.0,58.0,36.0,29.12,10.0,VAR,3.0,0.0,Fair,False,False,False,False,False,False,False,False,False,False,False,False,False,Day,34.1_-84.7
A-2507408,4,2019-03-22 04:56:26,2019-03-22 05:24:23,34.17011,-84.7583,0.593,Cartersville,Bartow,GA,30121,US/Eastern,KVPC,2019-03-22 04:53:00,37.9,,70.0,30.04,10.0,Calm,,,Clear,False,False,False,False,True,False,False,False,False,False,False,False,False,Night,34.1_-84.7
A-2510748,2,2019-03-29 09:29:28,2019-03-29 09:57:59,34.1139,-84.73423000000003,0.758,Cartersville,Bartow,GA,30121,US/Eastern,KVPC,2019-03-29 09:53:00,54.0,,66.0,30.24,10.0,Calm,,,Clear,False,False,False,False,False,False,False,False,False,False,False,False,False,Day,34.1_-84.7
A-2539235,2,2019-01-16 13:20:13,2019-01-16 13:50:09,34.1786,-84.76066999999998,0.609,Cartersville,Bartow,GA,30121,US/Eastern,KVPC,2019-01-16 13:02:00,39.9,37.8,73.0,30.3,10.0,Variable,3.5,,Partly Cloudy,False,False,False,False,True,False,False,False,False,False,False,False,False,Day,34.1_-84.7
A-2554080,3,2018-12-08 01:05:29,2018-12-08 01:34:55,34.199436,-84.762148,2.047,Cartersville,Bartow,GA,30121,US/Eastern,KVPC,2018-12-08 01:01:00,42.1,,96.0,30.39,5.0,Calm,,,Overcast,False,False,False,False,False,False,False,False,False,False,False,False,False,Night,34.1_-84.7
A-2556711,2,2018-12-12 11:09:17,2018-12-12 11:38:48,34.123243,-84.740466,0.934,Cartersville,Bartow,GA,30121,US/Eastern,KVPC,2018-12-12 10:53:00,39.0,,79.0,30.26,10.0,Calm,,,Clear,False,False,False,False,False,False,False,False,False,False,False,False,False,Day,34.1_-84.7
A-2564003,3,2018-12-23 12:54:16,2018-12-23 13:24:13,34.17375,-84.75923,0.7929999999999999,Cartersville,Bartow,GA,30121,US/Eastern,KVPC,2018-12-23 12:53:00,52.0,,89.0,30.09,10.0,Calm,,,Overcast,False,False,False,False,False,False,False,False,False,False,False,False,False,Day,34.1_-84.7
A-2564007,4,2018-12-23 13:41:32,2018-12-23 18:40:22,34.1786,-84.76066999999998,3.136,Cartersville,Bartow,GA,30121,US/Eastern,KVPC,2018-12-23 13:53:00,53.1,,89.0,30.08,10.0,Calm,,,Overcast,False,False,False,False,True,False,False,False,False,False,False,False,False,Day,34.1_-84.7
A-2565116,2,2018-12-27 00:50:30,2018-12-27 01:19:49,34.17011,-84.7583,0.593,Cartersville,Bartow,GA,30121,US/Eastern,KVPC,2018-12-27 00:53:00,48.9,,54.0,30.34,10.0,East,9.2,,Clear,False,False,False,False,True,False,False,False,False,False,False,False,False,Night,34.1_-84.7
A-2584697,3,2018-11-28 16:30:37,2018-11-28 16:59:54,34.168674,-84.758074,0.693,Cartersville,Bartow,GA,30121,US/Eastern,KVPC,2018-11-28 16:53:00,42.1,,38.0,30.11,10.0,Calm,,,Clear,False,False,False,False,False,False,False,False,False,False,False,False,False,Day,34.1_-84.7
A-2586698,4,2018-10-02 02:36:58,2018-10-02 03:06:13,34.1237,-84.74075,0.726,Cartersville,Bartow,GA,30121,US/Eastern,KVPC,2018-10-02 02:53:00,64.9,,100.0,30.22,10.0,Calm,,,Clear,False,False,False,False,True,False,False,False,False,False,False,False,False,Night,34.1_-84.7
A-2591437,2,2018-10-10 18:41:11,2018-10-10 19:10:56,34.1786,-84.76066999999998,0.609,Cartersville,Bartow,GA,30121,US/Eastern,KVPC,2018-10-10 18:53:00,73.9,,100.0,29.7,2.5,North,5.8,0.17,Heavy Rain,False,False,False,False,True,False,False,False,False,False,False,False,False,Day,34.1_-84.7
A-2596121,3,2018-10-19 06:53:58,2018-10-19 07:23:23,34.14652,-84.74252,0.688,Cartersville,Bartow,GA,30121,US/Eastern,KVPC,2018-10-19 06:53:00,51.1,,86.0,30.31,10.0,Calm,,,Clear,False,False,False,False,True,False,False,False,False,False,False,False,False,Night,34.1_-84.7
A-2603280,4,2018-09-04 19:52:54,2018-09-04 20:22:41,34.193243,-84.789239,0.086,Cartersville,Bartow,GA,30120-2462,US/Eastern,KVPC,2018-09-04 19:53:00,82.0,,67.0,30.13,10.0,NE,3.5,,Clear,False,False,False,False,False,False,False,False,False,False,False,False,False,Day,34.1_-84.7
A-2603281,4,2018-09-04 19:52:54,2018-09-04 20:22:41,34.191873,-84.78886,0.09,Cartersville,Bartow,GA,30120-2461,US/Eastern,KVPC,2018-09-04 19:53:00,82.0,,67.0,30.13,10.0,NE,3.5,,Clear,False,False,False,False,False,False,False,False,False,False,False,False,False,Day,34.1_-84.7
A-2618967,2,2018-08-08 12:16:32,2018-08-08 18:16:32,34.13692,-84.73693,0.732,Cartersville,Bartow,GA,30121,US/Eastern,KVPC,2018-08-08 11:53:00,86.0,,61.0,30.07,10.0,Variable,4.6,,Clear,False,False,False,False,True,False,False,False,False,False,False,False,False,Day,34.1_-84.7
A-2618968,2,2018-08-08 12:18:47,2018-08-08 18:18:47,34.142467,-84.73906,0.0,Cartersville,Bartow,GA,30121,US/Eastern,KVPC,2018-08-08 11:53:00,86.0,,61.0,30.07,10.0,Variable,4.6,,Clear,False,False,False,False,False,False,False,False,False,False,False,False,False,Day,34.1_-84.7
A-2630618,3,2018-07-07 14:40:35,2018-07-07 20:40:35,34.1139,-84.73423000000003,0.758,Cartersville,Bartow,GA,30121,US/Eastern,KVPC,2018-07-07 14:53:00,86.0,,57.0,30.08,10.0,Calm,,,Clear,False,False,False,False,False,False,False,False,False,False,False,False,False,Day,34.1_-84.7
A-2646542,3,2018-06-21 14:00:16,2018-06-21 20:00:16,34.14652,-84.74252,0.688,Cartersville,Bartow,GA,30121,US/Eastern,KVPC,2018-06-21 13:53:00,84.9,,69.0,29.85,10.0,Variable,4.6,,Mostly Cloudy,False,False,False,False,True,False,False,False,False,False,False,False,False,Day,34.1_-84.7
A-2653019,3,2018-05-09 07:17:00,2018-05-09 13:17:00,34.13692,-84.73693,0.732,Cartersville,Bartow,GA,30121,US/Eastern,KVPC,2018-05-09 06:53:00,57.9,,100.0,30.1,10.0,Calm,,,Clear,False,False,False,False,True,False,False,False,False,False,False,False,False,Day,34.1_-84.7
A-2665323,2,2018-04-13 12:42:59,2018-04-13 18:42:59,34.17011,-84.7583,0.593,Cartersville,Bartow,GA,30121,US/Eastern,KVPC,2018-04-13 12:53:00,73.9,,50.0,30.07,10.0,SSW,9.2,,Partly Cloudy,False,False,False,False,True,False,False,False,False,False,False,False,False,Day,34.1_-84.7
A-2690281,3,2018-02-13 15:20:35,2018-02-13 21:20:35,34.175306,-84.760166,0.0,Cartersville,Bartow,GA,30121,US/Eastern,KVPC,2018-02-13 14:53:00,51.1,,77.0,30.55,10.0,Variable,5.8,,Overcast,False,False,False,False,False,False,False,False,False,False,False,False,False,Day,34.1_-84.7
A-2702862,3,2018-01-12 20:46:07,2018-01-13 02:46:07,34.13692,-84.73693,0.732,Cartersville,Bartow,GA,30121,US/Eastern,KVPC,2018-01-12 20:53:00,30.0,23.2,82.0,29.96,10.0,Variable,6.9,,Overcast,False,False,False,False,True,False,False,False,False,False,False,False,False,Night,34.1_-84.7
A-2736054,2,2017-10-02 12:44:29,2017-10-02 18:44:29,34.14652,-84.74252,0.752,Cartersville,Bartow,GA,30121,US/Eastern,KVPC,2017-10-02 12:53:00,72.0,,55.0,30.31,10.0,ESE,9.2,,Overcast,False,False,False,False,True,False,False,False,False,False,False,False,False,Day,34.1_-84.7
A-2753243,4,2017-09-18 02:03:57,2017-09-18 08:03:57,34.113649,-84.734373,4.369,Cartersville,Bartow,GA,30121,US/Eastern,KVPC,2017-09-18 01:53:00,64.0,,100.0,30.04,6.0,Calm,,,Clear,False,False,False,False,False,False,False,False,False,False,False,False,False,Night,34.1_-84.7
A-2755692,3,2017-09-23 13:48:14,2017-09-23 19:48:14,34.19675,-84.79028000000002,0.0,Cartersville,Bartow,GA,30121,US/Eastern,KVPC,2017-09-23 13:53:00,86.0,,49.0,30.02,10.0,ESE,3.5,,Clear,False,False,True,False,False,False,False,False,False,False,False,True,False,Day,34.1_-84.7
A-2759625,2,2017-08-02 00:46:49,2017-08-02 06:46:49,34.145833,-84.741912,0.218,Cartersville,Bartow,GA,30121,US/Eastern,KVPC,2017-08-02 00:53:00,69.1,,96.0,30.06,10.0,Calm,,,Clear,False,False,False,False,False,False,False,False,False,False,False,False,False,Night,34.1_-84.7
A-2759628,2,2017-08-02 00:52:49,2017-08-02 06:58:49,34.14652,-84.74252,0.752,Cartersville,Bartow,GA,30121,US/Eastern,KVPC,2017-08-02 00:53:00,69.1,,96.0,30.06,10.0,Calm,,,Clear,False,False,False,False,True,False,False,False,False,False,False,False,False,Night,34.1_-84.7
A-2759636,2,2017-08-02 04:04:04,2017-08-02 10:04:04,34.14652,-84.74252,0.752,Cartersville,Bartow,GA,30121,US/Eastern,KVPC,2017-08-02 03:53:00,66.0,,100.0,30.06,10.0,Calm,,,Clear,False,False,False,False,True,False,False,False,False,False,False,False,False,Night,34.1_-84.7
A-2759643,2,2017-08-02 07:27:19,2017-08-02 13:27:19,34.14652,-84.74252,0.752,Cartersville,Bartow,GA,30121,US/Eastern,KVPC,2017-08-02 07:53:00,68.0,,100.0,30.1,9.0,Calm,,,Clear,False,False,False,False,True,False,False,False,False,False,False,False,False,Day,34.1_-84.7
A-2773493,3,2019-04-06 21:46:11,2019-04-06 22:15:41,34.13692,-84.73693,3.17,Cartersville,Bartow,GA,30121,US/Eastern,KVPC,2019-04-06 21:53:00,67.0,67.0,81.0,29.35,10.0,SSE,5.0,0.0,Fair,False,False,False,False,True,False,False,False,False,False,False,False,False,Night,34.1_-84.7
A-2778161,2,2019-04-15 17:32:42,2019-04-15 18:01:23,34.192686,-84.788972,0.291,Cartersville,Bartow,GA,30120,US/Eastern,KVPC,2019-04-15 17:53:00,66.0,66.0,27.0,29.29,10.0,VAR,7.0,0.0,Fair,False,False,False,False,False,False,False,False,False,False,False,False,False,Day,34.1_-84.7
A-2778162,2,2019-04-15 17:32:42,2019-04-15 18:01:23,34.196681,-84.79047299999998,0.28,Cartersville,Bartow,GA,30120-2482,US/Eastern,KVPC,2019-04-15 17:53:00,66.0,66.0,27.0,29.29,10.0,VAR,7.0,0.0,Fair,False,False,True,False,False,False,False,False,False,False,False,True,False,Day,34.1_-84.7
A-2833804,2,2019-07-30 10:07:54,2019-07-30 10:37:19,34.153659999999995,-84.76501999999998,0.0,Cartersville,Bartow,GA,30121,US/Eastern,KVPC,2019-07-30 09:53:00,76.0,76.0,82.0,29.28,8.0,CALM,0.0,0.0,Mostly Cloudy,False,False,False,False,False,False,False,False,False,False,False,False,False,Day,34.1_-84.7
A-2837794,4,2019-08-07 21:45:55,2019-08-07 22:15:00,34.134393,-84.737368,0.736,Cartersville,Bartow,GA,30121,US/Eastern,KVPC,2019-08-07 21:53:00,76.0,76.0,76.0,29.13,10.0,CALM,0.0,0.0,Fair,False,False,False,False,False,False,False,False,False,False,False,False,False,Night,34.1_-84.7
